<?xml version="1.0"?>
<opencv_storage>
<intrinsic_matrix type_id="opencv-matrix">
  <rows>3</rows>
  <cols>3</cols>
  <dt>d</dt>
  <data>
    2080.1356828806856 0. 1549.5020398577799 0. 2083.9024324925344
    1862.0848231150842 0. 0. 1.</data></intrinsic_matrix>
</opencv_storage>
